0.0005 0.0761301 -25.7047 1.3216e+06 18859.4
0.0015 0.0838509 22.7455 1.46851e+06 19027.8
0.0025 0.0838509 -22.7455 1.46851e+06 19027.8
0.0035 0.0761301 25.7047 1.3216e+06 18859.4
0.0045 0.0681444 39.192 1.18462e+06 18775
0.0055 0.060931 51.4576 1.06061e+06 18689.9
0.0065 0.0547086 64.7306 948631 18560.4
0.0075 0.0494294 79.1923 848471 18380.5
0.0085 0.0450073 94.3605 759696 18149.4
0.0095 0.0413553 110.573 681642 17871
0.0105 0.0383965 127.003 613657 17550.7
0.0115 0.0360599 143.313 555008 17197.3
0.0125 0.0342701 159.334 504665 16818.8
0.0135 0.0329858 174.154 461801 16420
0.0145 0.0321969 186.312 425706 16001.3
0.0155 0.0318507 196.785 395303 15565.9
0.0165 0.0318069 204.675 369778 15132.3
0.0175 0.0319597 206.95 348376 14712.4
0.0185 0.0323115 203.126 330292 14294.6
0.0195 0.0328891 193.463 314886 13863.1
0.0205 0.0336746 178.028 301835 13415.7
0.0215 0.0344355 153.508 289959 12971.6
0.0225 0.0349085 103.077 277398 12536.6
0.0235 0.0349448 -6.28271 260529 12030.3
0.0245 0.0331931 -247.881 231148 11455.4
0.0255 0.0303257 -587.762 196262 10821.8
0.0265 0.0294783 -728.276 180753 10362.4
0.0275 0.0303718 -721.954 176561 9923.74
0.0285 0.0321342 -677.294 176160 9468.75
0.0295 0.0342138 -604.572 178631 9125.85
0.0305 0.0364856 -531.904 181781 8830.6
0.0315 0.038571 -482.818 183569 8574.25
0.0325 0.0404725 -448.635 184586 8362.38
0.0335 0.0421841 -424.448 185134 8189.42
0.0345 0.0437206 -406.153 185433 8048.41
0.0355 0.0451636 -390.412 185630 7927.5
0.0365 0.0465647 -376.721 185788 7819.39
0.0375 0.0479295 -364.442 185988 7723.65
0.0385 0.0492532 -352.975 186329 7639.55
0.0395 0.0505471 -340.893 186857 7566.19
0.0405 0.0518331 -327.302 187629 7501.35
0.0415 0.0531204 -311.992 188649 7444.28
0.0425 0.0544229 -294.755 189946 7393.77
0.0435 0.0557321 -275.432 191477 7348.97
0.0445 0.0570265 -255.04 193209 7310.12
0.0455 0.0583049 -233.664 195129 7276.92
0.0465 0.0595805 -210.977 197273 7248.59
0.0475 0.0608614 -187.136 199618 7224.34
0.0485 0.0621413 -162.714 202115 7203.27
0.0495 0.0634138 -138.121 204712 7184.86
0.0505 0.0646768 -113.529 207385 7168.81
0.0515 0.0659309 -89.0597 210123 7154.54
0.0525 0.0671773 -64.9037 212898 7141.74
0.0535 0.0684183 -41.0818 215704 7130.15
0.0545 0.0696575 -17.5274 218551 7119.46
0.0555 0.0708954 5.63095 221421 7109.61
0.0565 0.0721304 28.2538 224297 7100.39
0.0575 0.073363 50.3814 227183 7091.51
0.0585 0.074596 72.0376 230072 7083.06
0.0595 0.0758297 93.1681 232950 7074.74
0.0605 0.0770671 113.761 235816 7066.21
0.0615 0.0783047 133.666 238646 7057.6
0.0625 0.0795416 152.768 241428 7048.53
0.0635 0.0807786 171.077 244146 7038.94
0.0645 0.0820175 188.614 246795 7028.8
0.0655 0.0832623 205.467 249402 7018.02
0.0665 0.0845217 221.768 251977 7006.76
0.0675 0.0858093 237.498 254538 6994.41
0.0685 0.0871351 252.815 257098 6981.27
0.0695 0.0885035 267.965 259625 6966.45
0.0705 0.0899654 282.83 262212 6949.9
0.0715 0.0914715 296.816 264711 6930.96
0.0725 0.0929277 308.726 266926 6910.86
0.0735 0.0943103 318.116 268790 6889.14
0.0745 0.0955819 324.745 270252 6866.45
0.0755 0.0967101 327.722 271062 6840.93
0.0765 0.0976149 326.807 270880 6810.63
0.0775 0.098236 320.548 269653 6776.65
0.0785 0.0984928 304.225 267029 6736.83
0.0795 0.0980849 272.864 261859 6685.37
0.0805 0.0963694 217.367 252647 6621.76
0.0815 0.092324 124.414 237301 6547.46
0.0825 0.087172 9.1305 219523 6468.21
0.0835 0.0842323 -65.6691 208411 6402.41
0.0845 0.0831252 -102.765 202791 6352.23
0.0855 0.0829831 -118.267 200144 6312.72
0.0865 0.083436 -123.229 199042 6275.78
0.0875 0.0844227 -121.651 198974 6235.4
0.0885 0.0856709 -115.151 199513 6195.46
0.0895 0.0870879 -104.9 200465 6156.09
0.0905 0.0886776 -92.8361 201706 6115.55
0.0915 0.0903902 -80.1699 203091 6073.46
0.0925 0.0921639 -67.751 204482 6029.07
0.0935 0.0939653 -55.8876 205811 5983.07
0.0945 0.0958287 -44.5312 207108 5934.82
0.0955 0.0977899 -33.2521 208420 5883.06
0.0965 0.0998778 -21.4618 209823 5828.81
0.0975 0.102139 -8.77937 211390 5772.02
0.0985 0.104603 4.61296 213080 5710.02
0.0995 0.107254 18.3953 214834 5643.63
0.1005 0.110075 32.4555 216688 5573.83
0.1015 0.113047 46.2435 218579 5500.59
0.1025 0.116171 59.9083 220413 5422.66
0.1035 0.119496 73.1862 222268 5339.6
0.1045 0.123044 86.4889 224137 5251.98
0.1055 0.126841 99.711 226047 5159.34
0.1065 0.130899 112.873 228053 5063.78
0.1075 0.135251 126.099 230089 4964.06
0.1085 0.139926 139.346 232203 4861.66
0.1095 0.144942 152.644 234398 4757.39
0.1105 0.150306 165.913 236644 4652.29
0.1115 0.15604 179.312 238904 4546.83
0.1125 0.162201 192.856 241200 4441.73
0.1135 0.168852 206.385 243551 4337.45
0.1145 0.176048 219.761 245959 4234.77
0.1155 0.183834 232.758 248440 4134.07
0.1165 0.192213 245.305 251100 4036.62
0.1175 0.201083 257.512 253937 3944.24
0.1185 0.21031 269.922 256849 3856.16
0.1195 0.219885 282.706 259775 3770.94
0.1205 0.22981 296.087 262631 3687.01
0.1215 0.240617 308.352 265842 3601.73
0.1225 0.251935 317.541 268830 3513.72
0.1235 0.262713 322.16 270473 3421.7
0.1245 0.272532 320.56 269915 3320.39
0.1255 0.281125 313.452 266566 3204.81
0.1265 0.288279 300.407 260806 3078.58
0.1275 0.2931 277.355 252551 2947.66
0.1285 0.29551 241.326 242437 2817.19
0.1295 0.296398 206.887 232286 2697.95
0.1305 0.299564 186.325 225086 2590.95
0.1315 0.307645 174.834 221156 2482.19
0.1325 0.32042 168.772 219584 2368.67
0.1335 0.335822 168.678 219412 2259.74
0.1345 0.352957 175.772 220488 2161.6
0.1355 0.372802 187.913 222594 2066.79
0.1365 0.396556 201.339 225623 1969.91
0.1375 0.423984 214.174 229541 1874.88
0.1385 0.453802 226.434 233860 1784.92
0.1395 0.485002 238.577 238128 1700.63
0.1405 0.517588 250.506 242129 1620.57
0.1415 0.552298 261.869 246073 1543.47
0.1425 0.589866 272.618 250085 1468.87
0.1435 0.630587 283.019 254364 1397.56
0.1445 0.67439 293.451 259000 1330.6
0.1455 0.721142 304.119 264040 1268.64
0.1465 0.770802 315.046 269581 1211.79
0.1475 0.823424 326.189 275575 1159.61
0.1485 0.879135 337.475 282023 1111.55
0.1495 0.938043 348.883 288903 1067.16
0.1505 1.00024 360.357 296213 1026.14
0.1515 1.06566 371.946 304022 988.552
0.1525 1.13435 383.425 312412 954.279
0.1535 1.20641 395.476 321620 923.782
0.1545 1.27834 407.218 331268 897.955
0.1555 1.34362 415.756 339245 874.889
0.1565 1.40056 420.736 344767 853.004
0.1575 1.44906 422.731 348032 832.255
0.1585 1.48999 422.454 349502 812.783
0.1595 1.52477 420.683 349873 795.084
0.1605 1.55493 418.083 349610 779.087
0.1615 1.58175 414.94 348505 763.445
0.1625 1.60621 411.41 346431 747.339
0.1635 1.6293 407.766 344537 732.756
0.1645 1.65185 404.652 343781 721.18
0.1655 1.67469 402.904 343596 710.939
0.1665 1.70005 402.923 343991 701.101
0.1675 1.73123 404.445 345873 692.247
0.1685 1.77011 407.252 349947 685.047
0.1695 1.81627 411.537 356356 679.887
0.1705 1.86806 417.594 364785 676.637
0.1715 1.92374 425.703 374893 675.29
0.1725 1.98462 435.496 386183 674.29
0.1735 2.04642 444.277 396726 671.736
0.1745 2.10006 450.101 404769 667.893
0.1755 2.14604 453.653 410617 663.027
0.1765 2.18579 455.472 414628 657.327
0.1775 2.22082 456.016 417213 650.995
0.1785 2.25256 455.683 418794 644.241
0.1795 2.28232 454.803 419742 637.25
0.1805 2.31112 453.648 420291 630.172
0.1815 2.33964 452.418 420739 623.148
0.1825 2.36826 451.19 421189 616.243
0.1835 2.39735 450 421632 609.445
0.1845 2.42752 448.939 422287 602.802
0.1855 2.45946 448.141 423331 596.404
0.1865 2.49397 447.799 424896 590.36
0.1875 2.53198 448.108 427305 584.807
0.1885 2.57444 449.235 430808 579.878
0.1895 2.62221 451.307 435647 575.708
0.1905 2.67604 454.425 442031 572.394
0.1915 2.73656 458.666 450135 569.982
0.1925 2.80449 464.075 460069 568.438
0.1935 2.8809 470.723 471936 567.661
0.1945 2.96623 478.58 485790 567.493
0.1955 3.06445 487.971 502243 567.897
0.1965 3.16965 498.584 520021 568.506
0.1975 3.25932 507.114 534578 568.343
0.1985 3.32153 511.414 543482 566.987
0.1995 3.35699 512.548 547077 564.694
0.2005 3.37191 512.154 547285 562.403
0.2015 3.3757 511.653 546571 561.047
0.2025 3.3757 511.653 546571 561.047
0.2035 3.3757 511.653 546571 561.047
