0.0005 0.0350744 -273.825 508460 16720.3
0.0015 0.0358856 -94.7422 521996 16763.1
0.0025 0.0358856 94.7422 521996 16763.1
0.0035 0.0350744 273.825 508460 16720.3
0.0045 0.0343107 400.212 496466 16689.5
0.0055 0.0336418 497.947 485968 16661.8
0.0065 0.0330734 576.98 476769 16633.4
0.0075 0.0326118 639.245 469032 16605.5
0.0085 0.0322433 686.021 462831 16582.5
0.0095 0.0319778 718.824 458144 16562.2
0.0105 0.0318744 738.82 454875 16531.5
0.0115 0.0319204 748.298 452897 16490.6
0.0125 0.0320891 747.711 452335 16447.6
0.0135 0.032401 740.066 452813 16393.7
0.0145 0.0328491 727.187 454073 16326.2
0.0155 0.0334483 710.387 456078 16243.6
0.0165 0.034207 690.588 458709 16144
0.0175 0.0351252 669.548 461845 16027.3
0.0185 0.0362172 647.379 465370 15891.9
0.0195 0.0374964 626.459 469177 15735.9
0.0205 0.0389739 606.947 473076 15557.7
0.0215 0.0406728 589.386 477084 15355.6
0.0225 0.0426247 574.315 481168 15127.7
0.0235 0.0448452 561.207 485297 14872.4
0.0245 0.047354 550.865 489450 14588.6
0.0255 0.0501504 542.924 493582 14276.1
0.0265 0.0532353 537.802 497649 13932.9
0.0275 0.0566281 535.252 501780 13558.7
0.0285 0.0603194 534.306 505919 13151.1
0.0295 0.0643091 535.439 510099 12713.1
0.0305 0.0685941 537.451 514267 12246
0.0315 0.0731979 541.006 518332 11753.3
0.0325 0.0781837 544.355 522337 11241
0.0335 0.0834325 547.134 526291 10740.6
0.0345 0.0884316 551.432 529976 10313.7
0.0355 0.093139 558.484 533639 9964.79
0.0365 0.097538 565.617 537197 9682.61
0.0375 0.101577 572.964 540601 9458.52
0.0385 0.10524 580.162 543729 9279.16
0.0395 0.108561 587.324 546625 9134.03
0.0405 0.111583 594.219 549230 9014.66
0.0415 0.114332 600.471 551467 8912.74
0.0425 0.116814 605.257 553200 8824.43
0.0435 0.119021 608.115 554334 8747.53
0.0445 0.120985 609.421 554972 8679.73
0.0455 0.122761 609.667 555187 8618.25
0.0465 0.124351 608.288 554760 8560.13
0.0475 0.125743 604.819 553553 8504.2
0.0485 0.126937 599.471 551608 8451.22
0.0495 0.127963 592.439 549228 8400.91
0.0505 0.128831 583.521 546292 8352.53
0.0515 0.129533 572.243 542579 8304.07
0.0525 0.130044 557.892 537976 8255.12
0.0535 0.130336 539.622 532139 8203.61
0.0545 0.130395 516.139 524856 8148.42
0.0555 0.130088 485.967 515574 8088.67
0.0565 0.129171 446.899 503743 8026.01
0.0575 0.127505 395.3 488600 7957.44
0.0585 0.124785 327.302 469134 7881.96
0.0595 0.121742 254.152 448967 7806.14
0.0605 0.119986 202.788 434660 7739.53
0.0615 0.119332 172.359 425501 7683.11
0.0625 0.119444 156.092 419729 7633.53
0.0635 0.120308 148.532 416330 7583.63
0.0645 0.121762 146.64 414567 7532.21
0.0655 0.123442 149.493 413713 7483.31
0.0665 0.125379 156.916 413764 7436.27
0.0675 0.127708 167.979 414778 7388.35
0.0685 0.130391 181.917 416571 7339.36
0.0695 0.133333 197.765 418871 7289.79
0.0705 0.136478 214.449 421461 7239.3
0.0715 0.1398 231.303 424236 7187.5
0.0725 0.143301 247.924 427082 7133.77
0.0735 0.147023 264.527 429899 7076.61
0.0745 0.150978 281.101 432855 7016.76
0.0755 0.155156 297.515 435843 6954.16
0.0765 0.159614 314.242 439030 6888.63
0.0775 0.164393 331.243 442380 6819.27
0.0785 0.169498 348.287 445983 6747.08
0.0795 0.174953 365.472 449713 6669.95
0.0805 0.180785 382.64 453649 6588.9
0.0815 0.187029 399.731 457748 6502.33
0.0825 0.193749 416.612 461998 6409.56
0.0835 0.201036 433.335 466366 6308.41
0.0845 0.208964 449.626 470835 6197.8
0.0855 0.217623 465.507 475408 6076.37
0.0865 0.227118 480.948 480163 5943.65
0.0875 0.237548 496.079 484943 5797.56
0.0885 0.249072 511.329 489971 5639.06
0.0895 0.261864 526.97 494849 5464.54
0.0905 0.276175 542.531 499610 5274.57
0.0915 0.29234 557.092 504422 5071.95
0.0925 0.310622 569.993 509636 4864.71
0.0935 0.331208 581.984 514779 4657.22
0.0945 0.354307 592.461 519851 4455.08
0.0955 0.379811 601.173 525392 4268.36
0.0965 0.407398 609.107 531262 4096.27
0.0975 0.436593 617.405 536751 3933.57
0.0985 0.467822 626.66 541828 3772.89
0.0995 0.501496 633.764 546994 3611.16
0.1005 0.534661 634.388 549392 3447.74
0.1015 0.564927 627.036 545650 3275.09
0.1025 0.591194 611.427 532134 3077.31
0.1035 0.613162 586.651 509334 2856.13
0.1045 0.630301 549.162 484144 2649.47
0.1055 0.641528 506.015 458994 2472
0.1065 0.653955 475.183 438384 2318.38
0.1075 0.677299 454.209 425659 2174.78
0.1085 0.713287 436.833 418396 2030.63
0.1095 0.758219 428.863 415001 1895.4
0.1105 0.811357 432.882 414985 1771.44
0.1115 0.876037 444.428 417877 1652.29
0.1125 0.954294 457.589 424542 1541.19
0.1135 1.04318 470.24 435146 1445.18
0.1145 1.13739 483.036 447840 1364.16
0.1155 1.23333 496.622 460759 1294.4
0.1165 1.33114 510.584 473374 1232.13
0.1175 1.43347 523.853 486157 1175.09
0.1185 1.54243 535.887 499900 1122.97
0.1195 1.65778 547.05 514940 1076.29
0.1205 1.77745 558.146 531232 1035.6
0.1215 1.89911 569.803 548690 1001.03
0.1225 2.02142 582.218 567198 972.269
0.1235 2.14409 595.24 586995 948.642
0.1245 2.26741 608.634 608085 929.279
0.1255 2.39163 622.187 630439 913.402
0.1265 2.51684 635.767 654044 900.443
0.1275 2.64305 649.286 678951 890.066
0.1285 2.77055 662.736 705250 882.047
0.1295 2.90021 676.193 733344 876.122
0.1305 3.0337 689.852 763346 871.889
0.1315 3.17406 704.002 795848 868.785
0.1325 3.32395 718.791 831336 866.625
0.1335 3.49493 735.401 872195 864.683
0.1345 3.67782 751.243 913902 861.009
0.1355 3.82168 760.01 943370 855.297
0.1365 3.91066 761.927 957641 848.486
0.1375 3.95188 759.538 960149 841.864
0.1385 3.96483 754.268 953822 833.556
0.1395 3.95307 740.748 931225 816.259
0.1405 3.87558 710.674 878582 785.525
0.1415 3.65271 654.957 772196 732.544
0.1425 3.14731 536.352 579513 638.046
0.1435 2.32889 347.855 341796 508.543
0.1445 1.68483 176.173 197637 406.499
0.1455 1.39709 68.4055 133465 331.047
0.1465 1.28384 22.1904 110997 299.6
0.1475 1.24385 6.61618 104124 290.072
0.1485 1.23078 1.90431 102118 287.524
0.1495 1.22672 0.538733 101548 286.863
0.1505 1.2255 0.150736 101387 286.692
0.1515 1.22514 0.0417681 101342 286.647
0.1525 1.22504 0.0114585 101330 286.635
0.1535 1.22501 0.00311051 101326 286.632
0.1545 1.225 0.000835181 101325 286.631
0.1555 1.225 0.000221812 101325 286.631
0.1565 1.225 5.83725e-05 101325 286.631
0.1575 1.225 1.53793e-05 101325 286.631
0.1585 1.225 4.26747e-06 101325 286.631
0.1595 1.225 1.50426e-06 101325 286.631
0.1605 1.225 9.10139e-07 101325 286.631
0.1615 1.225 8.51805e-07 101325 286.631
0.1625 1.225 9.61103e-07 101325 286.631
0.1635 1.225 1.22581e-06 101325 286.631
0.1645 1.225 1.62979e-06 101325 286.631
0.1655 1.225 2.14894e-06 101325 286.631
0.1665 1.225 2.77554e-06 101325 286.631
0.1675 1.225 3.52435e-06 101325 286.631
0.1685 1.225 4.42884e-06 101325 286.631
0.1695 1.225 5.5291e-06 101325 286.631
0.1705 1.225 6.86271e-06 101325 286.631
0.1715 1.225 8.46285e-06 101325 286.631
0.1725 1.225 1.03604e-05 101325 286.631
0.1735 1.225 1.25861e-05 101325 286.631
0.1745 1.225 1.51713e-05 101325 286.631
0.1755 1.225 1.81455e-05 101325 286.631
0.1765 1.225 2.15338e-05 101325 286.631
0.1775 1.225 2.53544e-05 101325 286.631
0.1785 1.225 2.96172e-05 101325 286.631
0.1795 1.225 3.43217e-05 101325 286.631
0.1805 1.225 3.94572e-05 101325 286.631
0.1815 1.225 4.50004e-05 101325 286.631
0.1825 1.225 5.09177e-05 101325 286.631
0.1835 1.225 5.71693e-05 101325 286.631
0.1845 1.225 6.36772e-05 101325 286.631
0.1855 1.225 7.00182e-05 101325 286.631
0.1865 1.225 7.5915e-05 101325 286.631
0.1875 1.225 8.14742e-05 101325 286.631
0.1885 1.225 8.6791e-05 101325 286.631
0.1895 1.225 9.19607e-05 101325 286.631
0.1905 1.225 9.70685e-05 101325 286.631
0.1915 1.225 0.000102171 101325 286.631
0.1925 1.225 0.000107272 101325 286.631
0.1935 1.225 0.000112535 101325 286.631
0.1945 1.225 0.000117776 101325 286.631
0.1955 1.225 0.000122492 101325 286.631
0.1965 1.225 0.000126406 101325 286.631
0.1975 1.225 0.000129272 101325 286.631
0.1985 1.225 0.000130922 101325 286.631
0.1995 1.225 0.000131431 101325 286.631
0.2005 1.225 0.000130089 101325 286.631
0.2015 1.225 0.000128611 101325 286.631
0.2025 1.225 0.000128611 101325 286.631
0.2035 1.225 0.000128611 101325 286.631
