0.0005 0.0233419 338.795 228204 13821.8
0.0015 0.0256318 4.50665 254315 13968.4
0.0025 0.0256318 -4.50665 254315 13968.4
0.0035 0.0233419 -338.795 228204 13821.8
0.0045 0.0209077 -643.545 200698 13644.7
0.0055 0.0187989 -917.366 176475 13446.5
0.0065 0.0173633 -1095.63 159555 13269.9
0.0075 0.0165737 -1172.61 149580 13131.8
0.0085 0.0161941 -1182.11 143959 13023.4
0.0095 0.0160995 -1144.23 141459 12945.2
0.0105 0.0161904 -1084.44 140894 12884.9
0.0115 0.0164446 -1013.58 141569 12820.8
0.0125 0.0168168 -937.106 143301 12762.9
0.0135 0.0172799 -856.216 145934 12714.4
0.0145 0.0178009 -779.695 149011 12666.8
0.0155 0.0183796 -707.395 152410 12615
0.0165 0.0190116 -640.902 156066 12558.2
0.0175 0.0196994 -580.133 159911 12493.4
0.0185 0.0204474 -525.017 163879 12416.9
0.0195 0.0212617 -475.271 167921 12324.2
0.0205 0.0221515 -429.894 172039 12214.5
0.0215 0.0231272 -388.021 176195 12083.9
0.0225 0.0241993 -349.55 180367 11929.6
0.0235 0.0253792 -314.061 184576 11750
0.0245 0.0266801 -281.288 188800 11542.1
0.0255 0.0281185 -250.252 193014 11303.3
0.0265 0.0297101 -220.799 197249 11034.2
0.0275 0.0314664 -193.019 201488 10736.6
0.0285 0.0333947 -166.882 205705 10415.6
0.0295 0.0354917 -142.062 209878 10082
0.0305 0.0377273 -118.132 214140 9758.18
0.0315 0.0400428 -92.9039 218367 9459.58
0.0325 0.0423895 -66.5792 222484 9195.57
0.0335 0.0447601 -39.3441 226586 8968.32
0.0345 0.0471755 -11.4749 230704 8771.24
0.0355 0.0496366 16.2899 234793 8598.38
0.0365 0.0521559 43.7024 238835 8444.03
0.0375 0.0547518 70.732 242825 8304.08
0.0385 0.0574564 96.8641 246794 8175.16
0.0395 0.060226 121.96 250733 8057.11
0.0405 0.0629448 146.245 254615 7955.54
0.0415 0.0655684 169.562 258429 7868.15
0.0425 0.0681072 191.829 262177 7792.01
0.0435 0.0705478 213.023 265841 7725.6
0.0445 0.0728791 233.033 269402 7667.43
0.0455 0.0750821 252.006 272839 7616.65
0.0465 0.0771513 269.993 276133 7572.84
0.0475 0.0790828 286.888 279298 7534.83
0.0485 0.0808777 302.594 282320 7501.92
0.0495 0.0825471 317.051 285172 7473.24
0.0505 0.0841024 330.426 287869 7447.85
0.0515 0.085554 342.634 290394 7424.99
0.0525 0.0869024 353.385 292688 7403.82
0.0535 0.0881239 362.121 294624 7383.72
0.0545 0.0891819 368.31 296137 7364.73
0.0555 0.0900556 371.359 297165 7346.86
0.0565 0.0907204 371.445 297447 7328.08
0.0575 0.0911476 367.714 296912 7308.38
0.0585 0.0913213 357.116 295388 7286.21
0.0595 0.0910349 335 291895 7257.11
0.0605 0.089715 292.866 284771 7220.96
0.0615 0.0865222 210.534 271108 7170.34
0.0625 0.0806508 69.0985 248427 7098.43
0.0635 0.0746723 -83.6344 226042 7024.69
0.0645 0.0717339 -165.715 214531 6977.13
0.0655 0.0706957 -198.648 209712 6948.23
0.0665 0.0704759 -208.959 207805 6928.85
0.0675 0.070612 -210.743 207088 6912.55
0.0685 0.0709875 -207.865 207004 6895.94
0.0695 0.0715457 -200.684 207383 6879.15
0.0705 0.0722478 -190.604 208157 6862.41
0.0715 0.0730367 -179.246 209096 6845.02
0.0725 0.0738586 -167.857 210120 6827.77
0.0735 0.0747031 -156.785 211117 6809.64
0.0745 0.0755934 -145.583 212153 6790.35
0.0755 0.0765562 -133.853 213306 6770.18
0.0765 0.0776145 -121.181 214578 6748.62
0.0775 0.0787778 -107.401 216039 6726.21
0.0785 0.0800433 -92.5491 217684 6702.82
0.0795 0.081403 -76.9494 219468 6678.62
0.0805 0.0828468 -61.1028 221321 6652.59
0.0815 0.0843479 -45.4637 223198 6625.42
0.0825 0.0858999 -30.0966 225082 6597.03
0.0835 0.087522 -14.8336 226998 6566.96
0.0845 0.0892325 0.616622 228986 6535.63
0.0855 0.0910375 16.213 231038 6502.1
0.0865 0.092928 31.7973 233156 6467.57
0.0875 0.0949002 47.1587 235298 6430.68
0.0885 0.0969525 62.2402 237480 6392.69
0.0895 0.0990975 77.1617 239695 6352.32
0.0905 0.101346 92.0087 241922 6309.62
0.0915 0.103713 106.905 244201 6264.14
0.0925 0.106207 121.638 246546 6216.35
0.0935 0.108835 136.179 248905 6164.93
0.0945 0.11163 150.756 251274 6109.11
0.0955 0.114608 165.213 253722 6049.33
0.0965 0.117752 179.163 256135 5984.64
0.0975 0.12109 193.117 258638 5916.11
0.0985 0.124616 206.831 261140 5842.77
0.0995 0.128316 220.43 263692 5766.05
0.1005 0.132241 233.853 266172 5682.74
0.1015 0.136426 246.966 268750 5594.88
0.1025 0.140904 259.538 271390 5501.29
0.1035 0.145729 271.88 274064 5400.92
0.1045 0.150942 283.954 276781 5293.64
0.1055 0.156599 295.819 279570 5179.76
0.1065 0.162678 308.045 282487 5062.38
0.1075 0.169574 320.279 285664 4935.58
0.1085 0.176996 329.32 288253 4797.9
0.1095 0.183943 332.797 289694 4666.17
0.1105 0.19023 330.881 289815 4541.53
0.1115 0.1957 323.877 287610 4413.35
0.1125 0.200161 309.97 283084 4284.66
0.1135 0.202867 284.518 275793 4160.32
0.1145 0.203918 240.502 264375 4019.65
0.1155 0.202622 182.689 249519 3875.56
0.1165 0.201009 137.712 237464 3763.98
0.1175 0.202164 115.112 230791 3674.95
0.1185 0.206717 105.747 227946 3586.88
0.1195 0.213747 104.438 227399 3496.49
0.1205 0.22156 110.419 227928 3411.42
0.1215 0.230139 121.809 229277 3329.28
0.1225 0.240197 135.458 231435 3242.53
0.1235 0.251732 150.05 234096 3149.5
0.1245 0.264329 165.175 237019 3052.89
0.1255 0.277872 180.025 239981 2952.96
0.1265 0.292451 193.935 242919 2849.87
0.1275 0.308098 206.868 245798 2744.3
0.1285 0.324795 219.245 248687 2638.89
0.1295 0.342716 231.562 251710 2534.85
0.1305 0.362332 244.291 254985 2431.33
0.1315 0.38429 257.641 258481 2325.71
0.1325 0.409236 271.006 262262 2217.1
0.1335 0.437567 283.811 266491 2107.96
0.1345 0.469371 295.942 271266 2000.92
0.1355 0.504557 307.669 276425 1897.17
0.1365 0.543078 319.331 281820 1797.28
0.1375 0.585026 331.086 287376 1701.51
0.1385 0.630634 342.948 293135 1610.24
0.1395 0.68017 354.857 299209 1524.01
0.1405 0.733898 366.768 305729 1443.3
0.1415 0.792033 378.655 312816 1368.4
0.1425 0.854916 390.616 320559 1299.14
0.1435 0.922652 402.578 329010 1235.49
0.1445 0.996131 415.227 338525 1177.45
0.1455 1.07445 427.737 348279 1123.12
0.1465 1.14879 436.298 355701 1072.86
0.1475 1.21357 440.098 360082 1028.11
0.1485 1.26989 440.202 361858 987.36
0.1495 1.31849 437.621 362038 951.449
0.1505 1.36004 433.264 360917 919.502
0.1515 1.3951 427.303 357426 887.763
0.1525 1.42481 420.105 351358 854.508
0.1535 1.4512 412.47 345456 824.885
0.1545 1.47628 406.241 342213 803.254
0.1555 1.50219 402.966 340777 786.085
0.1565 1.53337 403.138 340533 769.558
0.1575 1.57464 405.598 342075 752.757
0.1585 1.62615 409.459 346502 738.37
0.1595 1.68337 414.986 353814 728.327
0.1605 1.74145 422.842 363299 722.9
0.1615 1.79887 433.296 374612 721.579
0.1625 1.86259 445.483 387630 721.11
0.1635 1.93136 455.962 400199 717.992
0.1645 1.99084 462.694 409710 713.134
0.1655 2.03979 466.801 416551 707.609
0.1665 2.08049 468.752 421146 701.407
0.1675 2.11467 469.051 423938 694.664
0.1685 2.14405 468.178 425420 687.567
0.1695 2.17021 466.558 426058 680.281
0.1705 2.19451 464.509 426241 673.028
0.1715 2.21795 462.279 426133 665.77
0.1725 2.24112 459.985 425690 658.156
0.1735 2.26435 457.66 425179 650.669
0.1745 2.28795 455.543 425079 643.771
0.1755 2.31306 453.992 425128 636.884
0.1765 2.34217 453.164 425672 629.78
0.1775 2.37773 453.018 427256 622.65
0.1785 2.42053 453.632 430183 615.826
0.1795 2.46959 455.252 434519 609.687
0.1805 2.52358 458.152 440253 604.53
0.1815 2.58226 462.456 447470 600.475
0.1825 2.64686 468.088 456394 597.459
0.1835 2.71951 474.894 467178 595.285
0.1845 2.80227 482.712 480146 593.706
0.1855 2.89584 491.547 495245 592.599
0.1865 3.00068 501.207 512423 591.74
0.1875 3.1159 512.586 532130 591.768
0.1885 3.23089 524.595 553109 593.211
0.1895 3.32574 533.147 569986 593.89
0.1905 3.39448 537.365 580720 592.823
0.1915 3.43678 537.895 585657 590.478
0.1925 3.4577 536.316 586449 587.726
0.1935 3.46538 533.339 584123 584.096
0.1945 3.46048 526.283 576123 576.916
0.1955 3.4235 511.452 557585 564.348
0.1965 3.31339 484.294 520506 544.34
0.1975 3.07989 436.395 452489 509.092
0.1985 2.61086 344.432 343217 455.53
0.1995 1.97761 212.843 223434 391.507
0.2005 1.55359 107.994 153305 341.938
0.2015 1.39834 57.5945 127122 315.033
0.2025 1.39834 57.5945 127122 315.033
0.2035 1.39834 57.5945 127122 315.033
