0.0005 0.0810399 -276.222 1.59939e+06 20257.6
0.0015 0.0886296 -155.484 1.76653e+06 20456.2
0.0025 0.0886296 155.484 1.76653e+06 20456.2
0.0035 0.0810399 276.222 1.59939e+06 20257.6
0.0045 0.073091 348.087 1.44119e+06 20154.3
0.0055 0.0658996 410.83 1.29813e+06 20049.2
0.0065 0.0594977 471.11 1.16864e+06 19925.7
0.0075 0.053905 528.654 1.05292e+06 19774.2
0.0085 0.049078 582.695 950214 19593
0.0095 0.0449573 632.367 860034 19384.4
0.0105 0.0414731 677.155 781628 19153.6
0.0115 0.0385833 715.361 714155 18901.7
0.0125 0.0362939 746.41 656723 18621.5
0.0135 0.034665 769.567 608349 18286.5
0.0145 0.0337327 785.269 567865 17885.8
0.0155 0.0334063 794.725 534345 17443.5
0.0165 0.0334484 798.747 506959 17017.6
0.0175 0.0337447 796.632 484955 16626.6
0.0185 0.0343701 788.386 467497 16246.9
0.0195 0.0353677 774.417 453817 15865.1
0.0205 0.0367592 755.708 443219 15472
0.0215 0.0385504 733.368 435094 15061.6
0.0225 0.0407295 708.804 428938 14629.7
0.0235 0.0432622 682.4 424306 14172.9
0.0245 0.0460867 655.139 420768 13692.1
0.0255 0.0491289 627.698 418122 13189.9
0.0265 0.0522954 600.893 415858 12670.9
0.0275 0.0554163 575.494 413679 12157.4
0.0285 0.058456 552.043 411352 11655.3
0.0295 0.0615647 528.111 408754 11148.6
0.0305 0.0648349 501.478 405833 10638
0.0315 0.0681041 474.268 402379 10158.7
0.0325 0.0710807 445.696 398223 9748.37
0.0335 0.0735806 409.9 393539 9423.97
0.0345 0.0754821 370.24 387716 9166.95
0.0355 0.0767708 323.322 379687 8946.16
0.0365 0.0773664 259.397 368189 8739.16
0.0375 0.0770196 159.857 350535 8516.02
0.0385 0.0739866 7.47148 323391 8320.22
0.0395 0.0695329 -163.713 295065 8175.98
0.0405 0.0673601 -259.918 279634 8076.83
0.0415 0.0667904 -297.162 273152 8015
0.0425 0.0670139 -306.058 270916 7970.73
0.0435 0.067742 -301.836 270668 7928.91
0.0445 0.0686276 -289.893 271338 7892.6
0.0455 0.0695012 -275.089 272484 7864.79
0.0465 0.0703653 -259.359 273905 7841.99
0.0475 0.0712313 -243.48 275415 7820.63
0.0485 0.0720891 -228.175 276885 7799.95
0.0495 0.0729388 -213.008 278367 7780.34
0.0505 0.0738019 -197.202 280023 7762.57
0.0515 0.0747267 -179.975 281929 7746.12
0.0525 0.0757352 -161.16 284142 7730.19
0.0535 0.0768086 -141.094 286625 7715.18
0.0545 0.0779294 -120.262 289289 7700.78
0.0555 0.0790899 -98.9565 292087 7687.17
0.0565 0.0802969 -77.2657 295001 7673.43
0.0575 0.0815519 -55.242 298045 7659.7
0.0585 0.0828553 -32.9673 301177 7645.58
0.0595 0.0842036 -10.6196 304405 7631.26
0.0605 0.0856005 11.7643 307690 7616.32
0.0615 0.0870497 34.1418 311038 7600.7
0.0625 0.0885621 56.4744 314437 7584.09
0.0635 0.0901468 78.7994 317907 7566.29
0.0645 0.0918084 101.032 321442 7547.2
0.0655 0.0935494 123.146 325027 7526.7
0.0665 0.095373 145.019 328659 7504.7
0.0675 0.0972857 166.57 332317 7481.03
0.0685 0.0992969 187.761 336000 7455.44
0.0695 0.101415 208.601 339712 7427.96
0.0705 0.103648 229.12 343475 7398.51
0.0715 0.106 249.23 347285 7367.18
0.0725 0.108478 268.977 351156 7333.99
0.0735 0.111086 288.384 355045 7298.66
0.0745 0.113831 307.481 358970 7261.47
0.0755 0.11671 326.061 362951 7222.25
0.0765 0.119732 344.238 366915 7180.96
0.0775 0.122906 362.067 370910 7137.3
0.0785 0.126212 379.15 374933 7092.19
0.0795 0.12966 396.008 378928 7044.88
0.0805 0.133264 412.596 382962 6995.62
0.0815 0.137051 428.825 386875 6942.65
0.0825 0.141086 444.678 390856 6886
0.0835 0.145375 460.089 394780 6824.77
0.0845 0.149929 474.987 398664 6758.82
0.0855 0.154752 489.428 402577 6688.82
0.0865 0.159837 503.284 406437 6614.17
0.0875 0.165205 516.472 410237 6534.43
0.0885 0.170897 529.01 414036 6449.27
0.0895 0.176953 540.786 417778 6357.28
0.0905 0.18344 551.716 421464 6257.45
0.0915 0.190426 561.602 425144 6148.45
0.0925 0.197863 571.16 428750 6031.74
0.0935 0.20608 579.293 432487 5901.98
0.0945 0.214755 583.955 435684 5761.03
0.0955 0.223164 583.892 437125 5611.19
0.0965 0.231123 576.913 435882 5446.43
0.0975 0.238443 563.331 431007 5261.12
0.0985 0.244924 542.848 422995 5064.05
0.0995 0.250225 511.874 412398 4868.55
0.1005 0.25414 466.677 397771 4663.76
0.1015 0.256268 412.724 379176 4458.01
0.1025 0.259108 370.556 363951 4283.64
0.1035 0.266029 345.301 355082 4127.85
0.1045 0.277412 328.15 350708 3974.24
0.1055 0.290552 318.408 348866 3836.01
0.1065 0.303802 319.168 348810 3719.06
0.1075 0.318395 327.951 350663 3611.14
0.1085 0.336052 340.555 354505 3498.82
0.1095 0.356806 354.926 359741 3379.23
0.1105 0.379779 370.415 365415 3253.39
0.1115 0.404715 385.716 371076 3122
0.1125 0.432043 399.666 376913 2986.28
0.1135 0.462112 412.308 382829 2846.79
0.1145 0.495061 424.847 388890 2706.55
0.1155 0.531286 438.274 395135 2567.04
0.1165 0.571825 452.867 401412 2425.95
0.1175 0.618173 467.606 407807 2281.85
0.1185 0.671649 481.377 414994 2138.45
0.1195 0.733029 493.89 423339 1999.56
0.1205 0.802448 505.534 432840 1868.01
0.1215 0.880029 517.085 443296 1744.77
0.1225 0.965422 528.702 454710 1631.57
0.1235 1.0602 542.42 466941 1525.81
0.1245 1.16373 554.184 478531 1424.66
0.1255 1.25959 557.993 485344 1335
0.1265 1.33919 556.038 487777 1261.93
0.1275 1.40517 549.847 487153 1201.21
0.1285 1.45952 540.502 482362 1145.13
0.1295 1.50376 528.762 470585 1084.33
0.1305 1.53936 514.853 452183 1017.85
0.1315 1.56836 497.606 435257 961.64
0.1325 1.59255 482.825 424652 923.972
0.1335 1.6199 473.683 419062 896.414
0.1345 1.65515 467.537 416980 872.971
0.1355 1.70136 465.583 416322 847.864
0.1365 1.75913 467.424 417115 821.61
0.1375 1.82673 471.877 421568 799.642
0.1385 1.89973 478.267 430541 785.261
0.1395 1.97315 486.7 443489 778.794
0.1405 2.04597 497.185 459267 777.785
0.1415 2.12102 509.26 476662 778.674
0.1425 2.20201 522.048 494865 778.677
0.1435 2.29144 534.587 513525 776.539
0.1445 2.38745 546.104 532288 772.567
0.1455 2.48305 556.545 550690 768.503
0.1465 2.57622 566.371 568926 765.239
0.1475 2.66932 575.716 587166 762.227
0.1485 2.76369 584.951 605641 759.356
0.1495 2.86193 594.446 624783 756.452
0.1505 2.96758 604.494 645205 753.362
0.1515 3.0848 615.364 667629 749.936
0.1525 3.21612 627.137 692707 746.346
0.1535 3.37089 640.832 722195 742.347
0.1545 3.53414 653.976 752250 737.56
0.1555 3.65876 661.28 773102 732.191
0.1565 3.7346 663.059 782887 726.398
0.1575 3.76881 661.487 784555 721.31
0.1585 3.77823 657.68 780040 715.39
0.1595 3.76666 647.881 764671 703.426
0.1605 3.70376 626.257 729583 682.563
0.1615 3.5309 586.094 662389 650.061
0.1625 3.18261 503.549 538144 585.889
0.1635 2.5248 368.361 361817 496.594
0.1645 1.84152 211.505 220141 414.252
0.1655 1.48217 95.9339 147394 344.612
0.1665 1.3226 35.9838 117168 306.994
0.1675 1.25948 12.0389 106422 292.81
0.1685 1.23655 3.80552 102912 288.402
0.1695 1.22872 1.1686 101809 287.131
0.1705 1.22617 0.352879 101471 286.772
0.1715 1.22536 0.105338 101369 286.671
0.1725 1.22511 0.0311673 101338 286.643
0.1735 1.22503 0.00916761 101329 286.634
0.1745 1.22501 0.00270137 101326 286.632
0.1755 1.225 0.00081852 101325 286.631
0.1765 1.225 0.000277143 101325 286.631
0.1775 1.225 0.000125447 101325 286.631
0.1785 1.225 8.5867e-05 101325 286.631
0.1795 1.225 7.77878e-05 101325 286.631
0.1805 1.225 7.83083e-05 101325 286.631
0.1815 1.225 8.28929e-05 101325 286.631
0.1825 1.225 9.03554e-05 101325 286.631
0.1835 1.225 9.74834e-05 101325 286.631
0.1845 1.225 0.000103229 101325 286.631
0.1855 1.225 0.000108494 101325 286.631
0.1865 1.225 0.00011354 101325 286.631
0.1875 1.225 0.000118477 101325 286.631
0.1885 1.225 0.000123344 101325 286.631
0.1895 1.225 0.000128169 101325 286.631
0.1905 1.225 0.000132975 101325 286.631
0.1915 1.225 0.000137785 101325 286.631
0.1925 1.225 0.000142622 101325 286.631
0.1935 1.225 0.000147585 101325 286.631
0.1945 1.225 0.000152676 101325 286.631
0.1955 1.225 0.000157462 101325 286.631
0.1965 1.225 0.00016144 101325 286.631
0.1975 1.225 0.000164338 101325 286.631
0.1985 1.225 0.000165981 101325 286.631
0.1995 1.225 0.000166473 101325 286.631
0.2005 1.225 0.000165166 101325 286.631
0.2015 1.225 0.000163737 101325 286.631
0.2025 1.225 0.000163737 101325 286.631
0.2035 1.225 0.000163737 101325 286.631
